790
1098
1621
1633
1619
1615
1673
1721
1670
1721
1723
1725
1623
1620
1636
1635
1629
1667
1632
1684
1679
1676
1681
1685
1675
1634
1620
1624
1664
1600
1612
1605
1648
1654
1651
1615
1710
1682
1677
1623
1628
1626
1675
1673
1677
1672
1615
1631
1637
1614
1677
1626
1623
1673
1673
1668
1673
1680
1677
1669
1673
1673
1686
1622
1683
1659
1716
1714
1662
1710
1699
1706
1659
1661
1716
1723
1722
1652
1657
1643
1603
1651
1649
1709
1603
1615
1715
1714
1715
1701
1726
1708
1709
1715
1661
1707
1712
1708
1717
1664
1648
1615
1672
1705
1713
1670
1709
1666
1672
1669
1704
1605
1653
1706
1714
1705
1662
1711
1713
1719
1732
1706
1648
1609
1663
1666
1669
1688
1738
1720
1689
1736
1672
1684
1731
1686
1681
1688
1678
1621
1670
1663
1680
1634
1629
1673
1674
1735
1678
1674
1666
1676
1690
1676
1615
1679
1682
1677
1676
1682
1727
1684
1681
1203
1093
1093
