696
616
611
1093
1092
1626
1616
1624
1664
1663
1686
1719
1735
1721
1674
1631
1622
1635
1632
1628
1628
1687
1670
1679
1679
1671
1676
1676
1628
1629
1635
1656
1594
1599
1646
1662
1662
1608
1656
1720
1675
1630
1620
1624
1623
1690
1671
1678
1676
1633
1619
1618
1625
1675
1616
1674
1622
1690
1686
1660
1682
1673
1664
1683
1678
1673
1622
1661
1691
1716
1710
1663
1703
1698
1712
1659
1669
1738
1718
1701
1657
1648
1597
1652
1668
1658
1662
1595
1664
1713
1703
1709
1704
1712
1719
1702
1722
1653
1707
1720
1722
1690
1653
1613
1664
1709
1715
1655
1721
1701
1666
1667
1665
1699
1597
1662
1696
1711
1706
1710
1684
1708
1715
1761
1672
1604
1654
1662
1663
1666
1730
1739
1667
1747
1680
1674
1733
1680
1679
1687
1731
1628
1674
1628
1668
1674
1620
1672
1618
1732
1729
1677
1660
1666
1672
1684
1670
1633
1688
1632
1679
1680
1727
1732
1681
