1554
1154
1233
1171
1231
1224
1181
1109
1124
1127
1177
1128
1128
1160
1167
1169
1174
1182
1182
1167
1129
1122
1125
1158
1103
1104
1098
1165
1156
1102
1154
1212
1180
1129
1127
1120
1124
1182
1154
1182
1173
1128
1129
1127
1119
1178
1127
1134
1127
1185
1167
1163
1183
1175
1163
1173
1167
1189
1127
1154
1167
1209
1213
1162
1228
1203
1208
1148
1159
1208
1209
1200
1158
1169
1111
1107
1163
1156
1163
1106
1153
1227
1188
1208
1207
1198
1209
1204
1213
1155
1216
1209
1214
1214
1152
1119
1113
1210
1211
1203
1170
1208
1156
1179
1157
1193
1098
1177
1214
1165
1207
1210
1167
1216
1209
1269
1159
1150
1104
1160
1162
1161
1232
1226
1179
1233
1194
1172
1224
1173
1189
1177
1217
1133
1173
1125
1170
1164
1127
1178
1128
1178
1237
1177
1168
1177
1132
1187
1183
1132
1180
1130
1184
1176
1197
1233
1185
1182
649
586
599
112
116
115
112
120
115
119
117
118
128
115
115
114
112
122
119
119
116
111
115
122
115
112
114
113
118
115
110
114
112
116
121
117
114
113
110
114
123
114
115
114
117
113
117
119
121
114
122
113
111
113
110
112
118
114
116
109
116
112
113
118
126
113
113
110
117
117
114
112
111
117
115
117
119
113
116
107
111
111
111
110
113
111
117
115
114
110
113
110
