1548
1122
1172
1176
1170
1233
1228
1231
1128
1119
1126
1130
1132
1170
1111
1171
1186
1178
1167
1188
1181
1134
1115
1129
1162
1100
1110
1112
1129
1150
1166
1090
1206
1192
1178
1125
1113
1128
1134
1187
1177
1173
1127
1123
1127
1118
1169
1119
1127
1170
1132
1170
1172
1164
1180
1180
1177
1177
1188
1121
1137
1154
1214
1211
1157
1212
1194
1202
1202
1114
1228
1217
1207
1196
1112
1157
1104
1155
1149
1191
1121
1098
1209
1191
1207
1198
1217
1204
1204
1218
1156
1210
1209
1214
1206
1166
1171
1100
1159
1190
1255
1158
1206
1153
1166
1161
1193
1151
1105
1200
1214
1219
1160
1194
1208
1221
1219
1224
1153
1115
1146
1161
1171
1185
1225
1207
1186
1234
1175
1173
1233
1185
1179
1179
1188
1110
1185
1117
1171
1170
1125
1176
1135
1242
1181
1170
1171
1142
1193
1183
1110
1173
1184
1143
1173
1194
1231
1185
1173
706
594
592
588
117
114
117
115
116
118
114
122
114
115
120
117
118
115
119
123
116
116
111
113
111
111
116
118
107
118
115
113
112
111
111
120
115
111
107
115
115
111
117
110
125
120
113
116
122
113
116
110
109
111
117
117
120
113
114
126
113
114
118
112
119
118
108
113
116
114
112
114
113
112
114
119
118
112
108
114
112
113
107
109
106
114
111
114
110
111
110
114
