1253
1633
1615
1609
1675
1664
1717
1710
1716
1729
1668
1623
1615
1634
1635
1667
1626
1672
1681
1671
1672
1678
1681
1677
1627
1611
1640
1645
1605
1592
1653
1659
1656
1592
1703
1688
1672
1630
1629
1612
1673
1685
1636
1682
1673
1621
1627
1631
1622
1665
1627
1675
1621
1679
1685
1672
1684
1682
1671
1681
1688
1630
1628
1651
1716
1706
1712
1665
1713
1712
1713
1609
1711
1708
1714
1705
1651
1659
1596
1662
1666
1658
1657
1601
1664
1716
1691
1715
1719
1724
1704
1711
1670
1700
1698
1725
1724
1666
1661
1624
1659
1702
1716
1667
1715
1667
1664
1657
1708
1665
1598
1676
1714
1731
1662
1714
1697
1710
1718
1764
1656
1613
1660
1667
1662
1672
1732
1727
1670
1734
1681
1681
1729
1696
1681
1677
1721
1622
1676
1629
1666
1685
1617
1682
1631
1732
1685
1682
1661
1686
1683
1695
1616
1667
1690
1635
1678
1681
1734
1690
1674
1206
1136
1097
1097
618
615
615
614
