100
101
103
114
117
129
133
146
151
165
171
186
193
209
217
226
236
266
297
307
339
350
383
395
429
442
477
491
506
522
535
537
553
554
568
572
588
591
606
612
628
633
641
657
664
674
683
694
706
722
733
735
736
752
764
768
771
787
800
806
811
827
841
849
856
872
887
897
906
922
938
954
970
986
987
998
1000
1001
1002
1014
1018
1019
1022
1035
1041
1042
1047
1061
1069
1070
1077
1092
1102
1103
1112
1128
1129
1146
1147
1165
1166
1185
1186
1206
1207
1208
1211
1216
1223
1232
1234
1238
1244
1252
1262
1264
1268
1274
1282
1292
1294
1300
1308
1318
1320
1324
1325
1326
1327
1328
1329
1330
1331
1332
1333
1334
1339
1340
1341
1342
1343
1344
1356
1360
1361
1364
1377
1383
1384
1389
1403
1411
1412
1419
1434
1444
1445
1454
1470
1471
1488
1489
1507
1508
1527
1528
1548
1549
1560
1562
1563
1564
1565
1576
1578
1579
1580
1592
1596
1597
1600
1613
1619
1620
1625
1633
1647
1654
1655
1665
1680
1689
1690
1706
1707
1724
1725
1743
1744
1763
1764
1784
1785
