1675
2146
2154
2267
2259
2213
2250
2261
2270
2207
2201
2216
2161
2162
2158
2213
2208
2156
2160
2235
2233
2157
2205
2212
2153
2217
2139
2163
2210
2153
2202
2192
2134
2135
2202
2206
2215
2211
2218
2205
2215
2158
2116
2271
2275
2220
2139
2168
2121
2231
2133
2117
2124
2184
2183
2229
2236
2236
2176
2187
2147
2155
2192
2163
2185
2185
2285
2233
2227
2165
2187
2230
2239
2166
2183
2206
2176
2203
2237
2184
2174
2103
2248
2302
2193
2230
2185
2230
2277
2199
2245
2251
2250
2192
2197
2247
2211
2174
2175
2252
2210
2160
2195
2170
2237
2176
2134
2167
2191
2186
2181
2192
2196
2233
2244
2253
2200
2132
1664
1674
1664
1730
1190
1196
612
664
