2098
1711
1754
1761
1703
1752
1755
1766
1708
1706
1706
1660
1645
1684
1710
1658
1648
1686
1767
1658
1706
1701
1653
1705
1694
1598
1711
1638
1694
1692
1686
1632
1700
1697
1703
1710
1668
1748
1660
1711
1602
1720
1757
1764
1650
1627
1688
1688
1640
1632
1620
1672
1676
1684
1746
1737
1692
1716
1628
1639
1685
1662
1676
1684
1724
1779
1729
1675
1683
1692
1732
1683
1680
1677
1745
1643
1724
1734
1623
1673
1689
1747
1755
1679
1717
1695
1782
1739
1715
1740
1747
1739
1682
1738
1755
1678
1637
1741
1694
1703
1638
1693
1732
1694
1653
1670
1611
1680
1697
1692
1707
1697
1750
1752
1697
1691
1652
1162
1169
1179
692
699
689
122
114
126
120
114
115
122
116
119
119
120
115
117
115
116
111
113
117
112
111
117
114
115
120
118
112
111
112
105
110
112
110
121
112
114
114
112
118
112
114
114
109
