1367
1611
2152
2157
2253
2261
2257
2210
2268
2262
2252
2193
2212
2156
2165
2164
2211
2201
2159
2153
2231
2234
2148
2211
2199
2146
2220
2181
2150
2206
2144
2200
2188
2139
2152
2212
2203
2217
2214
2217
2208
2200
2153
2114
2264
2268
2258
2135
2130
2166
2185
2138
2131
2135
2181
2190
2186
2281
2236
2173
2191
2124
2146
2171
2189
2195
2173
2272
2240
2227
2184
2184
2222
2225
2173
2196
2177
2192
2186
2247
2194
2184
2085
2236
2294
2238
2185
2229
2198
2287
2226
2234
2251
2236
2192
2198
2244
2242
2185
2146
2251
2190
2207
2145
2191
2233
2196
2129
2173
2166
2176
2200
2186
2204
2244
2249
2245
2184
2141
1657
1661
1660
1722
1195
1199
