1706
1748
1760
1714
1763
1767
1748
1711
1697
1702
1663
1656
1643
1704
1713
1662
1679
1705
1740
1653
1708
1701
1671
1695
1633
1651
1693
1694
1705
1657
1630
1658
1694
1696
1708
1714
1715
1714
1709
1610
1654
1761
1763
1712
1634
1666
1621
1721
1624
1616
1626
1681
1691
1740
1730
1713
1682
1675
1627
1682
1667
1677
1693
1687
1797
1728
1694
1673
1677
1730
1730
1670
1683
1727
1640
1731
1735
1641
1681
1603
1753
1790
1687
1709
1730
1720
1784
1677
1746
1751
1760
1650
1727
1752
1677
1680
1687
1743
1702
1646
1701
1690
1709
1697
1634
1629
1697
1688
1676
1690
1703
1752
1739
1743
1669
1643
1158
1168
1181
1218
695
698
118
113
113
114
120
116
113
114
113
119
117
113
112
117
120
109
114
116
109
119
114
114
112
118
111
113
114
113
108
111
114
115
115
112
117
116
110
110
110
118
115
111
