623
1083
1082
1565
2149
2147
2209
2264
2259
2207
2254
2262
2268
2201
2213
2216
2161
2163
2146
2207
2209
2146
2158
2257
2192
2209
2198
2185
2205
2160
2144
2165
2190
2200
2196
2156
2141
2192
2210
2181
2212
2213
2209
2210
2206
2100
2206
2265
2250
2194
2127
2191
2146
2182
2133
2109
2170
2192
2189
2241
2222
2227
2191
2175
2130
2187
2164
2180
2148
2233
2273
2234
2184
2186
2193
2233
2231
2166
2178
2229
2147
2232
2249
2126
2174
2157
2241
2286
2191
2186
2232
2240
2290
2196
2250
2251
2227
2185
2236
2252
2189
2181
2196
2238
2196
2138
2209
2191
2203
2194
2144
2122
2182
2199
2198
2210
2190
2255
2244
2223
2187
2156
1676
1668
1674
