678
618
615
1143
1093
1033
1576
2157
2157
2258
2259
2261
2205
2252
2265
2268
2208
2208
2162
2160
2157
2205
2213
2167
2152
2199
2222
2197
2196
2213
2135
2213
2187
2144
2202
2139
2216
2194
2147
2151
2197
2199
2199
2218
2204
2252
2167
2162
2105
2270
2261
2266
2148
2134
2181
2171
2139
2139
2135
2175
2176
2178
2276
2248
2196
2191
2124
2146
2172
2183
2190
2180
2241
2278
2238
2137
2176
2240
2227
2171
2189
2171
2232
2184
2200
2242
2138
2138
2190
2288
2243
2198
2213
2198
2290
2238
2219
2248
2259
2219
2195
2242
2247
2171
2141
2248
2199
2198
2144
2207
2243
2198
2123
2184
2147
2190
2195
2173
2197
2236
2262
2232
2201
2173
