2730
2760
2774
2756
2717
2716
2754
2836
2800
2715
2702
2653
2675
2684
2717
2725
2681
2732
2674
2690
2793
2731
2685
2720
2747
2790
2760
2686
2685
2733
2759
2794
2830
2756
2729
2783
2726
2723
2690
2742
2725
2690
2686
2667
2733
2726
2764
2798
2671
2775
2680
2744
2602
2687
2714
2715
2782
2727
2715
2690
2684
2778
2726
2776
2719
2674
2673
2728
2702
2735
2723
2691
2723
2767
2204
2146
2174
2223
1628
1627
1105
589
116
112
113
111
111
115
112
114
112
115
112
115
112
113
112
112
112
112
119
114
115
113
113
109
111
108
105
109
110
108
